36
1.000000,-1.000000,1.000000,0.000000,-1.000000,0.000000
1.000000,-1.000000,1.000000,1.000000,-0.000000,0.000000
1.000000,-1.000000,1.000000,0.000000,0.000000,1.000000
1.000000,-1.000000,1.000000,0.000000,0.000000,1.000000
1.000000,-1.000000,-1.000000,0.000000,-1.000000,0.000000
1.000000,-1.000000,-1.000000,1.000000,-0.000000,0.000000
1.000000,-1.000000,-1.000000,-0.000000,-0.000000,-1.000000
1.000000,-1.000000,-1.000000,0.000000,-1.000000,0.000000
1.000000,-1.000000,-1.000000,1.000000,0.000000,-0.000001
-1.000000,-1.000000,-1.000000,-0.000000,-0.000000,-1.000000
-1.000000,-1.000000,-1.000000,-1.000000,-0.000000,0.000000
-1.000000,-1.000000,-1.000000,0.000000,-1.000000,0.000000
-1.000000,-1.000000,-1.000000,-0.000000,0.000000,-1.000000
-1.000000,-1.000000,-1.000000,-1.000000,-0.000000,0.000000
-1.000000,-1.000000,1.000000,0.000000,-1.000000,0.000000
-1.000000,-1.000000,1.000000,-1.000000,-0.000000,0.000000
-1.000000,-1.000000,1.000000,0.000000,-1.000000,0.000000
-1.000000,-1.000000,1.000000,0.000000,0.000000,1.000000
1.000000,1.000000,0.999999,0.000000,1.000000,0.000000
1.000000,1.000000,0.999999,1.000000,-0.000000,0.000000
1.000000,1.000000,0.999999,0.000000,0.000000,1.000000
1.000000,1.000000,0.999999,1.000000,0.000000,-0.000001
0.999999,1.000000,-1.000001,0.000000,1.000000,0.000000
0.999999,1.000000,-1.000001,-0.000000,-0.000000,-1.000000
0.999999,1.000000,-1.000001,0.000000,1.000000,0.000000
0.999999,1.000000,-1.000001,1.000000,0.000000,-0.000001
0.999999,1.000000,-1.000001,-0.000000,0.000000,-1.000000
-1.000000,1.000000,-1.000000,0.000000,1.000000,0.000000
-1.000000,1.000000,-1.000000,-0.000000,0.000000,-1.000000
-1.000000,1.000000,-1.000000,-1.000000,-0.000000,0.000000
-1.000000,1.000000,1.000000,0.000000,1.000000,0.000000
-1.000000,1.000000,1.000000,-1.000000,-0.000000,0.000000
-1.000000,1.000000,1.000000,0.000000,0.000000,1.000000
-1.000000,1.000000,1.000000,0.000000,1.000000,0.000000
-1.000000,1.000000,1.000000,-1.000000,-0.000000,0.000000
-1.000000,1.000000,1.000000,0.000000,0.000000,1.000000

1
1.000000,1.000000,1.000000
0.800000,0.800000,0.800000
1.000000,1.000000,1.000000

36
4,14,0
30,22,18
19,5,1
23,9,6
10,31,15
2,32,20
7,11,16
33,27,24
21,25,8
26,28,12
13,29,34
3,17,35
