60
1.000000,1.000000,-1.000000,0.000000,0.000000,-1.000000
1.000000,1.000000,-1.000000,0.000000,1.000000,0.000000
1.000000,1.000000,-1.000000,1.000000,0.000000,-0.000000
1.000000,1.000000,-1.000000,0.000000,1.000000,0.000000
1.000000,-1.000000,-1.000000,0.000000,0.000000,-1.000000
1.000000,-1.000000,-1.000000,-0.000000,-1.000000,-0.000000
1.000000,-1.000000,-1.000000,1.000000,0.000000,-0.000000
1.000000,-1.000000,-1.000000,-0.000000,0.000000,-1.000000
1.000000,-1.000000,-1.000000,1.000000,-0.000000,0.000000
-1.000000,-1.000000,-1.000000,-1.000000,0.000000,-0.000000
-1.000000,-1.000000,-1.000000,-0.000000,-1.000000,-0.000000
-1.000000,-1.000000,-1.000000,-0.000000,0.000000,-1.000000
-1.000000,-1.000000,-1.000000,-0.000000,-1.000000,-0.000000
-1.000000,1.000000,-1.000000,0.000000,0.000000,-1.000000
-1.000000,1.000000,-1.000000,-1.000000,0.000000,-0.000000
-1.000000,1.000000,-1.000000,-0.000000,0.000000,-1.000000
-1.000000,1.000000,-1.000000,0.000000,1.000000,0.000000
-1.000000,1.000000,-1.000000,-1.000000,0.000000,-0.000000
1.000000,1.000000,1.000000,-0.000000,0.000000,1.000000
1.000000,1.000000,1.000000,1.000000,-0.000000,-0.000000
1.000000,1.000000,1.000000,0.000000,1.000000,0.000000
1.000000,1.000000,1.000000,1.000000,-0.000001,0.000000
0.999999,-1.000000,1.000000,-0.000000,0.000000,1.000000
0.999999,-1.000000,1.000000,-0.000000,-1.000000,-0.000000
0.999999,-1.000000,1.000000,0.000000,0.000000,1.000000
0.999999,-1.000000,1.000000,1.000000,-0.000001,0.000000
0.999999,-1.000000,1.000000,-0.000000,-1.000000,0.000000
-1.000000,-1.000000,1.000000,-1.000000,0.000000,-0.000000
-1.000000,-1.000000,1.000000,0.000000,0.000000,1.000000
-1.000000,-1.000000,1.000000,-0.000000,-1.000000,0.000000
-1.000000,-1.000000,1.000000,-1.000000,0.000000,0.000000
-1.000000,1.000000,1.000000,-0.000000,0.000000,1.000000
-1.000000,1.000000,1.000000,0.000000,1.000000,0.000000
-1.000000,1.000000,1.000000,0.000000,0.000000,1.000000
-1.000000,1.000000,1.000000,-1.000000,0.000000,0.000000
-1.000000,1.000000,1.000000,0.000000,1.000000,0.000000
1.000000,1.000000,0.000000,1.000000,-0.000000,-0.000000
1.000000,1.000000,0.000000,0.000000,1.000000,0.000000
1.000000,1.000000,0.000000,0.000000,1.000000,0.000000
1.000000,1.000000,0.000000,1.000000,0.000000,-0.000000
1.000000,1.000000,0.000000,0.000000,1.000000,0.000000
1.000000,1.000000,0.000000,1.000000,-0.000000,0.000000
1.000000,-1.000000,0.000000,1.000000,-0.000000,-0.000000
1.000000,-1.000000,0.000000,-0.000000,-1.000000,-0.000000
1.000000,-1.000000,0.000000,-0.000000,-1.000000,-0.000000
1.000000,-1.000000,0.000000,1.000000,-0.000001,0.000000
1.000000,-1.000000,0.000000,-0.000000,-1.000000,-0.000000
1.000000,-1.000000,0.000000,1.000000,-0.000000,0.000000
-1.000000,-1.000000,0.000000,-0.000000,-1.000000,-0.000000
-1.000000,-1.000000,0.000000,-1.000000,0.000000,-0.000000
-1.000000,-1.000000,0.000000,-1.000000,0.000000,-0.000000
-1.000000,-1.000000,0.000000,-0.000000,-1.000000,0.000000
-1.000000,-1.000000,0.000000,-1.000000,0.000000,-0.000000
-1.000000,-1.000000,0.000000,-0.000000,-1.000000,-0.000000
-1.000000,1.000000,0.000000,-1.000000,0.000000,-0.000000
-1.000000,1.000000,0.000000,0.000000,1.000000,0.000000
-1.000000,1.000000,0.000000,-1.000000,0.000000,0.000000
-1.000000,1.000000,0.000000,0.000000,1.000000,0.000000
-1.000000,1.000000,0.000000,0.000000,1.000000,0.000000
-1.000000,1.000000,0.000000,-1.000000,0.000000,-0.000000

1
1.000000,1.000000,1.000000
0.800000,0.800000,0.800000
1.000000,1.000000,1.000000

60
4,13,0
31,22,18
19,42,36
23,48,43
27,54,49
1,55,37
38,32,20
50,14,9
44,10,5
39,6,2
7,11,15
33,28,24
21,25,45
26,29,51
30,34,56
3,16,57
40,58,35
52,59,17
46,53,12
41,47,8

